a3 number of sets  Nset  
Nrel 5MW wind turbine data
-------------------------------------------------------------------------------------------------------------------------------------------------------------------------------------------------------------------------															-------------------------------------------------------------------------------------------------------------------------------------------------------------------------------------------------------------------------										
#1 Shaft
r	        m	         x_cg   	y_cg   ri_x	   ri_y 	x_sh  	y_sh	E	           G	            I_x             I_y     I_p             k_x  	k_y	    A	  pitch    x_e     y_e
$1	 5  shaft with hub mass on last element. flexible  	  
0.00		1				0		0		0.2		0.2		0		0		2.10E+11		8.08E+10		1.0E+00		1.0E+00		5.39E-02		0.5		0.5		10		0		0		0
0.50		1				0		0		0.2		0.2		0		0		2.10E+11		8.08E+10		1.0E+00		1.0E+00		5.39E-02		0.5		0.5		10		0		0		0
1.00		1				0		0		0.2		0.2		0		0		2.10E+11		8.08E+10		1.0E+00		1.0E+00		5.39E-02		0.5		0.5		10		0		0		0
3.10710		1				0		0		0.2		0.2		0		0		2.10E+11		8.08E+10		1.0E+00		1.0E+00		5.39E-02		0.5		0.5		10		0		0		0
5.01910	    1				0		0		0.2		0.2		0		0		2.10E+11		8.08E+10		1.0E+00		1.0E+00		5.39E-02		0.5		0.5		10		0		0		0
$2	 5  shaft with hub mass on last element. stiff  	  
0.00		1				0		0		0.2		0.2		0		0		2.10E+16		8.08E+15		1.0E+00		1.0E+00		5.39E-02		0.5		0.5		10		0		0		0
0.50		1				0		0		0.2		0.2		0		0		2.10E+16		8.08E+15		1.0E+00		1.0E+00		5.39E-02		0.5		0.5		10		0		0		0
1.00		1				0		0		0.2		0.2		0		0		2.10E+16		8.08E+15		1.0E+00		1.0E+00		5.39E-02		0.5		0.5		10		0		0		0
3.10710		1				0		0		0.2		0.2		0		0		2.10E+16		8.08E+15		1.0E+00		1.0E+00		5.39E-02		0.5		0.5		10		0		0		0
5.01910	    1				0		0		0.2		0.2		0		0		2.10E+16		8.08E+15		1.0E+00		1.0E+00		5.39E-02		0.5		0.5		10		0		0		0  
